[[ 0.04799575  0.01563704  0.01308976 ...  0.20293169 -0.26440272
   0.12330558]
 [-0.01331153  0.03527486  0.06648068 ...  0.1605993  -0.16527672
   0.06568571]
 [-0.03672293  0.08472063  0.04617131 ...  0.09294634 -0.13313092
   0.09130232]
 ...
 [-0.03237952 -0.10361227 -0.05960696 ... -0.01431556 -0.33933332
   0.08381832]
 [ 0.01602559 -0.10452957 -0.0533934  ... -0.04306753 -0.22975817
   0.0352739 ]
 [ 0.07275993 -0.14707668  0.06254484 ...  0.05424489 -0.23322539
   0.04554752]]
[[-0.04686261  0.33021013 -0.21288916 ...  1.23414812 -2.19758924
  -0.00314832]
 [-0.05589187  0.55154059 -0.19565266 ...  1.18953995 -2.18855497
   0.03157447]
 [-0.05393315  0.62133211 -0.18912871 ...  1.52478869 -1.57274603
  -0.01204557]
 ...
 [-0.03985088 -0.01484056 -0.03295374 ... -0.08162532 -0.72477668
  -0.04255187]
 [-0.0707708  -0.04708156 -0.02661239 ... -0.22474042 -0.81026299
  -0.04371526]
 [-0.11929279 -0.01325721 -0.03211107 ... -0.6192098  -0.73084243
  -0.05065269]]
