[[ 0.17489589  0.16777863 -0.1952771  ...  1.07529336 -1.24038795
   0.44327612]
 [ 0.07770635  0.33868006 -0.089372   ...  1.0036826  -1.19882628
   0.43937938]
 [-0.04218265  0.46685826 -0.02930984 ...  1.25158549 -0.99655049
   0.31803212]
 ...
 [ 0.01715857 -0.1318532  -0.08978106 ... -0.17214247 -0.71168787
   0.09515859]
 [ 0.0315708  -0.15025764 -0.08423572 ... -0.2482587  -0.66869177
   0.05169791]
 [ 0.11650214 -0.20221189  0.00156181 ... -0.41189821 -0.44831927
   0.1468589 ]]
[[-0.17376275  0.17806854 -0.0045223  ...  0.36178645 -1.22160401
  -0.32311886]
 [-0.14690975  0.24813539 -0.03979998 ...  0.34645665 -1.1550054
  -0.3421192 ]
 [-0.04847343  0.23919449 -0.11364756 ...  0.36614954 -0.70932646
  -0.23877537]
 ...
 [-0.08938897  0.01340037 -0.00277964 ...  0.07620159 -0.35242213
  -0.05389214]
 [-0.08631601 -0.00135349  0.00422992 ... -0.01954925 -0.37132939
  -0.06013927]
 [-0.16303501  0.041878    0.02887195 ... -0.1530667  -0.51574854
  -0.15196407]]
